32.46379496 35.25812287
41.05220239 -6.63703993
-36.78488402 -3.07000501
11.89296122 -24.62584121
-27.41834132 -2.31572786
14.34462279 -33.41476041
-16.80907212 16.15292143
22.28308062 -14.79216126
-4.49201298 19.80849422
3.23742138 10.38372303
15.12394365 -10.83081742
12.66270262 27.42587809
-13.11117642 -3.41843102
12.65098630 -9.91402107
-24.45336212 -29.77112157
-5.63270699 8.14777202
-28.23865249 19.83698111
-26.98969924 36.85865513
-24.31034445 22.00443445
36.15317936 -8.87462296
13.05211805 -17.84543544
-7.89154563 -35.13995057
34.81123033 15.21843121
-25.44150271 16.47572006
-8.02028844 -4.16047790
11.76613012 -18.42661186
20.26467650 8.24001529
3.60204207 -16.20066947
-7.92090307 7.96833716
-28.09662289 -0.70828386
16.82710188 -5.78966147
-46.23578765 -7.09011665
-24.63171295 28.47312964
-6.00439789 2.99158864
-19.06642331 -29.30269764
-6.86871700 10.14907171
-26.45688972 34.12100349
0.80684105 10.57390590
34.68745884 -22.69093619
-19.18131728 -16.32095491
-14.13156169 -9.55242789
8.21514652 -32.85048279
25.16636151 -13.18003937
34.50319472 -5.23137755
3.35725382 2.76966058
-11.32808746 20.21229612
-2.21174576 26.46149570
18.34692919 -4.43708665
4.52300426 2.76956575
4.66976417 4.61166365
-18.51628878 3.57690216
-9.70315895 11.92037813
-44.86495197 21.88923386
-18.65913623 -3.28093727
-40.66200994 11.15689084
-31.88919905 10.82971444
15.45189612 43.08099709
-21.91998831 36.68297987
-8.46105141 -19.32547766
30.47738582 7.86086518
-15.97068857 21.52838420
31.32802874 -7.76896617
-9.78166191 19.57117963
-14.82685317 4.42647920
6.13697813 21.45588025
-15.14028939 34.24636290
-5.07185749 -3.65116318
17.22266404 -22.01364018
-23.98327260 -39.69166165
-4.22194518 23.58986060
-11.85892531 26.13752297
-15.80501737 -22.87025462
-11.22036889 -6.72118672
25.61669054 -31.49342555
6.28926864 -20.88213882
-21.33267755 8.45914759
-0.73349418 1.31488619
-18.34064738 -21.72874939
-28.30298479 12.29832362
35.53108926 -13.86672450
-17.38176042 -2.57619357
-18.07391558 -0.44512748
-6.75137624 -19.72830834
8.30672504 -23.69474131
-41.46978464 22.05487241
-11.14287227 3.38400364
-12.66651556 -12.70567378
-19.15087898 14.46308119
10.91399234 7.93684039
-31.94098224 31.99737503
35.75576578 -2.26517745
40.31634364 -23.24509876
12.36336832 -8.72355543
25.98196748 -14.41854333
-48.70037817 0.09770425
-5.25345997 11.63319693
6.86318186 -24.51860873
-38.89858813 -5.07053061
10.95857360 -5.43310781
-12.73443050 8.78457139
-7.08661259 -5.79703669
29.08986991 -35.04827259
-30.46052457 30.33009178
-16.20290620 -1.70306018
-18.39989666 3.73591294
-1.23603290 -8.31594981
6.11691686 16.02726579
-0.25241495 21.85557245
-17.20598515 10.59580425
13.71830919 17.04939757
0.96062960 10.66954185
-28.63633116 6.01999124
-25.40359621 -21.58123069
19.74294093 20.36534797
-4.14567374 3.49477452
-15.47055559 27.47365056
-9.41149375 -0.84126177
-1.14442057 2.45135298
-21.18759639 -0.97397017
28.70367745 -7.81031277
6.49138096 -4.41085331
11.54082469 -10.31571931
7.46796623 20.58603568
13.38606580 -1.47230025
-7.03201703 22.37442869
29.45851611 8.93096372
10.65756359 -35.22178405
7.08086128 -10.41275882
8.87431335 5.47842547
-10.12391221 -4.69063997
-47.30742356 -13.37896266
3.64628531 25.42349906
2.41487440 1.50807074
-36.90065112 5.61225986
-20.64094134 -7.18567991
18.37681342 18.51889081
19.77125746 -1.13157796
10.11517458 6.64850386
-1.55672209 12.15982127
-12.08298246 1.13426892
1.04130128 -13.95701757
36.94950112 -1.23765334
23.95300088 -17.20596882
-34.24886211 25.51692188
-26.80601196 -7.79127508
30.96402660 -32.83362861
6.34799256 -21.84348207
-28.99112318 -26.95968738
-13.76379860 13.48441158
34.60637488 -2.49281461
0.82630397 5.76861615
-2.31699095 3.46665120
-47.38657929 10.23980526
-37.26977822 21.87359680
39.47459030 -11.47972363
7.74526806 -0.30123648
8.68070779 -1.04212633
-2.01259668 -1.72597804
0.84241593 -6.40483998
-35.80427709 9.88698972
-24.36520321 -8.87793132
22.07735987 -24.76180811
18.02790525 -18.06669486
-23.79124621 33.21181533
-10.79423884 -4.99754561
-28.16747955 35.26398822
-20.39809775 32.76998682
-24.32383007 35.16189697
-25.07699870 -2.82015078
2.49670272 6.51087304
-11.06178338 17.27712369
-13.17462693 5.66847382
-9.06398075 8.19615434
-15.84467741 -8.80383001
-39.23356943 -1.17280471
-14.46232330 18.97975186
-10.54454782 -33.53114503
-36.54694297 -1.03387465
5.97853124 13.32060070
27.34893111 -13.28953906
-19.03611558 27.68547222
-20.11246266 -13.53955016
-27.88710347 -24.20312684
-17.93082711 7.38950628
19.11666622 -17.46804942
-21.72785911 -14.56213869
-20.15093797 2.68611687
43.31676816 -4.30212967
22.95503618 7.12851006
13.18630954 -8.54408438
3.08989350 -10.68811263
6.40410682 -6.18682952
-4.51205941 -14.60643849
-20.12717753 8.24300041
-36.34577112 15.22983617
-4.04658067 11.54240300
-5.30493192 13.92193711
24.19613402 -14.86560022
-0.80688951 10.26592049
-20.17264427 27.89160579
-42.01411996 7.64205773
-3.78276834 11.91124966
26.03789592 -2.88284592
-20.25358302 -0.89080989
-33.57626438 16.03113130
-6.97206068 2.73383582
-2.52309453 -1.55138705
-21.64687827 22.43939193
-35.19082762 26.48440235
-23.21837625 33.28177795
-22.68606399 27.14313474
1.11847667 4.46476670
16.60145555 -9.94927824
-10.46738230 13.92600886
0.21244855 -33.42263694
-20.47125385 2.70218535
12.36165208 -8.22999186
23.48277740 -5.93329862
-0.24980045 0.88580078
-36.33360081 24.31522959
-16.24588565 -22.80709514
-25.23933028 -0.21543056
-37.05745141 18.88675988
-34.64364629 11.62921897
-18.54418416 34.61077260
-14.47965872 22.78327538
-7.25000665 17.78611301
-1.85012934 17.58746043
-17.23220618 5.30683798
11.44675232 -17.92347233
-1.43412630 16.44036622
-6.82257322 14.39347853
-15.75512012 23.04980763
14.35756422 -30.40760656
25.89741456 2.99627594
18.87881593 -1.72963354
-18.01497114 -13.74141363
-18.11528633 -1.65471920
-17.99609189 -0.35996594
15.86395241 -12.57540657
4.70764479 2.60754591
-18.09935105 -6.40503770
-0.29263588 -13.37587827
21.05658601 -3.89941673
-19.05541371 17.27447118
5.60136944 -18.06955950
-17.86174047 -31.68908661
12.86752628 -5.43206477
6.45357786 -15.73119581
-36.63537293 17.39848402
-5.71052094 -5.59851277
-27.00851187 -10.90793483
-8.91994278 -8.62422288
19.68271256 11.09320647
5.48159828 -1.46060440
-22.57463794 18.01180162
6.78741645 15.89944316
-6.53491935 -6.91042000
-38.96462413 11.47036962
-16.11413651 -34.95235652
6.00021308 -27.28533450
-21.17651143 22.26821957
-0.17872199 -2.13730696
33.66171840 -6.32396972
-2.91446749 6.58613222
-25.37950106 -10.87492392
-38.80442094 -9.26822555
-34.32597366 -15.73150773
-8.39066459 -2.68162721
-23.87032999 3.12260273
28.22952290 22.39131392
-1.80477566 -10.81748212
-10.90990124 -10.24592556
-19.38854815 15.53119290
21.60920059 -24.87028100
-19.39195376 -3.93206117
33.93913565 -9.76341223
-2.03653452 25.85239734
8.16985350 8.04135074
-25.93800366 8.88769569
-5.20832149 -15.92100035
7.00767718 -20.72738605
-23.38056394 16.24125455
16.04398758 -18.28790771
-0.81894052 14.76022507
-5.15240195 -13.40354422
15.09597586 -11.38710466
0.76093842 -18.06557313
-7.67737219 10.05022964
-22.86689222 -26.24849828
-4.86524747 -4.79910837
-33.50041054 25.66113394
-13.63647129 -6.06672753
-19.30317930 16.01194877
3.99200473 -3.44568619
-33.98816062 2.42682195
10.87408055 5.40174240
-8.42179137 -14.25116529
-2.68983983 7.56434165
5.53177177 -37.64218412
32.58509817 -32.48900621
-19.96676546 7.03262019
-5.59167444 19.25227481
-13.35127895 15.92398677
2.94448756 -20.90439291
-21.16277657 6.46818399
-14.32654921 -21.43657511
-3.04691867 16.30709221
-17.15392067 -13.55136662
4.79782201 12.61913282
21.73934846 -17.69644088
-34.29851440 -16.58811510
-7.45348720 4.30273519
12.54378182 3.63973286
5.96562069 -25.98928014
2.29182099 7.34786147
19.93826783 4.03189736
41.56229693 -19.99309041
-24.40791538 10.92138476
-22.78044646 4.57581212
-10.86642163 -36.03625217
10.32585682 -5.52753401
-21.74572636 19.77774873
16.49251885 -41.64146276
-4.36453676 4.10832382
-16.27837226 -3.13021501
-29.58331201 6.91499192
26.34321859 -28.20122087
-29.73752690 -3.00133722
-6.78876358 5.40792606
12.79907523 15.36351057
26.82895785 -7.87614539
-18.69390023 7.74734512
-10.63912282 10.03757436
-27.42206170 6.82662598
14.23263295 -9.82122304
2.60183402 20.34549410
-22.13660430 7.82476713
28.88056976 -0.52741749
16.36344398 -25.78401477
-22.47135541 -19.92588436
-20.83123221 14.67247192
-48.89192865 7.72668576
-10.75572818 8.92869912
3.87042896 25.56386965
-21.42224514 -23.41848727
15.80903405 -30.91240689
-31.77865554 -4.64158095
-32.68358553 15.58165257
-6.05468046 8.99424514
-7.54642497 -30.30294171
-15.17272469 11.16228572
-20.94695327 30.15959397
-28.03606226 6.19222546
-22.96243437 7.69002074
-13.39563215 23.44196137
-37.46573977 21.30130386
19.81629221 18.41898009
5.78157490 -11.99403285
-17.78621516 -7.45599932
-18.63197969 34.04946284
2.49126814 -3.64783483
39.10976833 -17.33406362
0.73436187 -34.65976395
-3.00556097 7.11654003
-19.74055347 15.45372457
5.04987202 -8.75858748
22.84205918 -35.28452683
14.34939118 -22.03500749
-17.26872057 37.67711064
-9.57769233 5.43812225
-23.10408861 13.46939431
-2.51852301 26.62590587
-3.11168540 -15.16145517
-9.03108175 -41.07185385
-36.84351045 15.74088382
-44.67089262 6.74655833
-22.91538004 28.93322274
-33.82313540 21.58192912
4.87368843 15.76120755
-49.08499913 -2.87385309
-13.97040883 24.43535720
-36.25756771 33.04251195
27.94023614 -10.19738642
-31.67714615 10.72272949
4.19095884 10.52531540
13.61798578 25.38025772
-16.72280942 2.00630023
-2.11322946 8.65948965
25.07256948 -7.91303099
10.06860273 -9.42114449
7.11249338 -9.78213692
-33.82555336 21.64346097
-21.64537898 -13.90692387
-0.54373646 11.51333347
1.47870529 -23.36450853
-33.32057097 35.18431051
15.08394485 3.22377405
20.74254590 21.77535001
-9.65728070 5.00393514
-27.20202807 15.28900756
-12.87429308 11.82079185
-35.07909485 2.50183085
2.02609342 10.45360352
3.86685442 -12.07443184
-11.77724118 30.37645496
-16.12180573 6.63703028
-15.98974600 17.53421645
-33.24150231 5.60022769
-41.44420781 -16.55320730
-46.55158439 7.56920852
26.82049756 -0.60159686
-22.50050856 36.46041443
-22.73066807 -23.47235630
-33.58464630 -29.59816812
-33.04131864 -5.01444208
-33.14048766 4.46970852
-38.19820257 -20.22368679
-44.62768948 3.70394284
-38.19408863 -16.57566247
-29.27854790 -17.07602913
11.78588652 -2.32054661
-32.00591264 -6.71126508
-27.42440472 -10.88195608
-32.58668140 -19.30016922
-20.74485572 -11.58385016
